[gd_scene load_steps=14 format=3 uid="uid://c17vl8ras74wg"]

[ext_resource type="Script" path="res://car/script/vehicle.gd" id="1"]
[ext_resource type="PackedScene" uid="uid://b03ya2olf6cnl" path="res://main obj4.gltf" id="2"]
[ext_resource type="PackedScene" uid="uid://cdut0mx72eew7" path="res://left_front.gltf" id="3"]
[ext_resource type="PackedScene" uid="uid://cfjl0vjomts3t" path="res://left_rear.gltf" id="4"]
[ext_resource type="PackedScene" uid="uid://puw02patv1dw" path="res://right_front.gltf" id="5"]
[ext_resource type="PackedScene" uid="uid://brlrb4ie5un5h" path="res://right_rear.gltf" id="6"]
[ext_resource type="PackedScene" uid="uid://bpm6n60ior6eg" path="res://MeshInstance.gltf" id="8"]
[ext_resource type="Script" path="res://car/script/camera.gd" id="10"]

[sub_resource type="PhysicsMaterial" id="PhysicsMaterial_8ktfg"]
friction = 0.0

[sub_resource type="BoxShape3D" id="BoxShape3D_rbgdp"]
size = Vector3(0.775969, 0.766186, 3.86462)

[sub_resource type="ViewportTexture" id="ViewportTexture_6tqly"]
viewport_path = NodePath("center/CenterViewport")

[sub_resource type="ViewportTexture" id="ViewportTexture_ogw5o"]
viewport_path = NodePath("left/LeftViewport")

[sub_resource type="ViewportTexture" id="ViewportTexture_vcpxn"]
viewport_path = NodePath("right/RightViewport")

[node name="BODY" type="VehicleBody3D"]
mass = 100.0
physics_material_override = SubResource("PhysicsMaterial_8ktfg")
can_sleep = false
engine_force = 30.0
brake = 1.0
steering = 30.0
script = ExtResource("1")
force = 300.0

[node name="left_front" type="VehicleWheel3D" parent="."]
transform = Transform3D(1, 0, 0, 0, 1, 0, 0, 0, 1, 0.46, 0.193, 1.249)
brake = 1.0
steering = 30.0
use_as_steering = true
wheel_radius = 0.35
wheel_rest_length = 0.07
suspension_travel = 0.07
suspension_stiffness = 100.0

[node name="left_front" parent="left_front" instance=ExtResource("3")]

[node name="left_rear" type="VehicleWheel3D" parent="."]
transform = Transform3D(1, 0, 0, 0, 1, 0, 0, 0, 1, 0.476788, 0.176183, -1.39228)
engine_force = 30.0
brake = 1.0
use_as_traction = true
wheel_radius = 0.35
wheel_rest_length = 0.07
suspension_travel = 0.07
suspension_stiffness = 100.0

[node name="left_rear" parent="left_rear" instance=ExtResource("4")]

[node name="right_front" type="VehicleWheel3D" parent="."]
transform = Transform3D(1, 0, 0, 0, 1, 0, 0, 0, 1, -0.498835, 0.176183, 1.24525)
brake = 1.0

[node name="right_front" parent="right_front" instance=ExtResource("5")]

[node name="right_rear" type="VehicleWheel3D" parent="."]
transform = Transform3D(1, 0, 0, 0, 1, 0, 0, 0, 1, -0.499, 0.176, -1.326)
brake = 1.0
wheel_radius = 0.35
wheel_rest_length = 0.07
suspension_travel = 0.07
suspension_stiffness = 100.0

[node name="right_rear" parent="right_rear" instance=ExtResource("6")]

[node name="SpotLight" type="SpotLight3D" parent="."]
transform = Transform3D(-1, 0, 0, 0, 1, 0, 0, 0, -1, -0.334881, 0.404295, 2.36749)
spot_range = 40.0
spot_attenuation = 100.0
spot_angle = 20.0

[node name="SpotLight1" type="SpotLight3D" parent="."]
transform = Transform3D(-1, 0, 0, 0, 1, 0, 0, 0, -1, 0.316656, 0.39903, 2.34163)
spot_range = 40.0
spot_attenuation = 100.0
spot_angle = 20.0

[node name="CollisionShape" type="CollisionShape3D" parent="."]
transform = Transform3D(1, 0, 0, 0, 1, 0, 0, 0, 1, 0, 0.396482, 0)
shape = SubResource("BoxShape3D_rbgdp")

[node name="Viewport" type="SubViewport" parent="."]
process_mode = 3
size = Vector2i(300, 200)

[node name="Nametag" type="Control" parent="Viewport"]
layout_mode = 3
anchors_preset = 0

[node name="Label" type="Label" parent="Viewport/Nametag"]

[node name="MeshInstance" parent="." instance=ExtResource("8")]

[node name="info" type="Control" parent="."]
layout_mode = 3
anchors_preset = 0

[node name="fps" type="Label" parent="info"]
offset_right = 86.0
offset_bottom = 86.0
theme_override_font_sizes/font_size = 50

[node name="v" type="Label" parent="info"]
offset_left = 149.68
offset_top = 8.40897
offset_right = 277.68
offset_bottom = 94.409
theme_override_font_sizes/font_size = 50

[node name="time" type="Label" parent="info"]
offset_left = 299.359
offset_right = 402.359
offset_bottom = 115.0

[node name="main obj" parent="." instance=ExtResource("2")]

[node name="AudioStreamPlayer" type="AudioStreamPlayer" parent="."]

[node name="cambase" type="Node3D" parent="."]
transform = Transform3D(1, 0, 0, 0, 0.97437, 0.224951, 0, -0.224951, 0.97437, 0, 1.15, 4.4)

[node name="CanvasLayer" type="CanvasLayer" parent="cambase"]

[node name="Cameras" type="Control" parent="cambase/CanvasLayer"]
visible = false
layout_mode = 3
anchors_preset = 0

[node name="UI2" type="TextureRect" parent="cambase/CanvasLayer/Cameras"]
visible = false

[node name="MainView" type="TextureRect" parent="cambase/CanvasLayer/Cameras"]
texture = SubResource("ViewportTexture_6tqly")

[node name="LeftView" type="TextureRect" parent="cambase/CanvasLayer/Cameras"]
visible = false
texture = SubResource("ViewportTexture_ogw5o")

[node name="RightView" type="TextureRect" parent="cambase/CanvasLayer/Cameras"]
visible = false
texture = SubResource("ViewportTexture_vcpxn")

[node name="ColorRect" type="ColorRect" parent="cambase/CanvasLayer/Cameras"]
visible = false

[node name="center" type="Node3D" parent="."]
transform = Transform3D(-1, 0, -8.74228e-08, -1.9764e-08, 0.97411, 0.226073, 8.51594e-08, 0.226073, -0.97411, 0, 2.08128, -3.99267)
script = ExtResource("10")

[node name="CenterViewport" type="SubViewport" parent="center"]
process_mode = 3
size = Vector2i(1920, 1080)
render_target_update_mode = 3

[node name="Camera" type="Camera3D" parent="center/CenterViewport"]
transform = Transform3D(-1, 0, -8.74228e-08, -1.9764e-08, 0.97411, 0.226073, 8.51594e-08, 0.226073, -0.97411, 0, 2.08128, -3.99267)
current = true
fov = 70.0

[node name="CameraHandlers" type="Node3D" parent="center"]

[node name="CenterCameraTransform" type="RemoteTransform3D" parent="center/CameraHandlers"]
remote_path = NodePath("../../CenterViewport/Camera")

[node name="left" type="Node3D" parent="."]
transform = Transform3D(-1, 0, -8.74228e-08, -1.9764e-08, 0.97411, 0.226073, 8.51594e-08, 0.226073, -0.97411, 0, 2.08128, -3.99267)

[node name="LeftViewport" type="SubViewport" parent="left"]
process_mode = 3
size = Vector2i(1920, 1080)
render_target_update_mode = 3

[node name="Camera" type="Camera3D" parent="left/LeftViewport"]
transform = Transform3D(-1, 0, -8.74228e-08, -1.9764e-08, 0.97411, 0.226073, 8.51594e-08, 0.226073, -0.97411, 0, 2.08128, -3.99267)
fov = 70.0

[node name="CameraHandlers" type="Node3D" parent="left"]

[node name="LeftCameraTransform" type="RemoteTransform3D" parent="left/CameraHandlers"]
remote_path = NodePath("../../LeftViewport/Camera")

[node name="right" type="Node3D" parent="."]
transform = Transform3D(-1, 0, -8.74228e-08, -1.9764e-08, 0.97411, 0.226073, 8.51594e-08, 0.226073, -0.97411, 0, 2.08128, -3.99267)

[node name="RightViewport" type="SubViewport" parent="right"]
process_mode = 3
size = Vector2i(1920, 1080)
render_target_update_mode = 3

[node name="Camera" type="Camera3D" parent="right/RightViewport"]
transform = Transform3D(-1, 0, -8.74228e-08, -1.9764e-08, 0.97411, 0.226073, 8.51594e-08, 0.226073, -0.97411, 0, 2.08128, -3.99267)
fov = 70.0

[node name="CameraHandlers" type="Node3D" parent="right"]

[node name="RightCameraTransform" type="RemoteTransform3D" parent="right/CameraHandlers"]
remote_path = NodePath("../../RightViewport/Camera")

[connection signal="gui_input" from="cambase/CanvasLayer/Cameras" to="." method="_physics_process"]
